Distribution of the number of molecular graphs of isomers, 
 conformers of trans-isomers and conformers of other isomers. 
------------------------------------------------------------------
| n|     isomers|  con_trans_iso|  con_other_iso|           Total|
------------------------------------------------------------------
| 6|           2|              2|              2|               6|
| 8|           3|              5|             12|              20|
|10|           6|              9|             57|              72|
|12|          10|             19|            243|             272|
|14|          20|             35|           1001|            1056|
|16|          36|             71|           4053|            4160|
|18|          72|            135|          16305|           16512|
|20|         136|            271|          65385|           65792|
|22|         272|            527|         261857|          262656|
|24|         528|           1055|        1048017|         1049600|
|26|        1056|           2079|        4193217|         4196352|
|28|        2080|           4159|       16775073|        16781312|
|30|        4160|           8255|       67104641|        67117056|
------------------------------------------------------------------