
 Distribution of the number of molecular graphs of 
 conformer of trans-isomers   by graph symmetry group. 
------------------------------------------------------
| n|    mirror|     rotat|   asymmetry|         Total|
------------------------------------------------------
| 6|         0|         1|           1|             2|
| 8|         2|         1|           2|             5|
|10|         0|         3|           6|             9|
|12|         4|         3|          12|            19|
|14|         0|         7|          28|            35|
|16|         8|         7|          56|            71|
|18|         0|        15|         120|           135|
|20|        16|        15|         240|           271|
|22|         0|        31|         496|           527|
|24|        32|        31|         992|          1055|
|26|         0|        63|        2016|          2079|
|28|        64|        63|        4032|          4159|
|30|         0|       127|        8128|          8255|
------------------------------------------------------
