
 Distribution of the number of molecular graphs of 
 isomers   by graph symmetry group. 
------------------------------------------------------
| n|    mirror|     rotat|   asymmetry|         Total|
------------------------------------------------------
| 6|         1|         1|           0|             2|
| 8|         0|         2|           1|             3|
|10|         2|         2|           2|             6|
|12|         0|         4|           6|            10|
|14|         4|         4|          12|            20|
|16|         0|         8|          28|            36|
|18|         8|         8|          56|            72|
|20|         0|        16|         120|           136|
|22|        16|        16|         240|           272|
|24|         0|        32|         496|           528|
|26|        32|        32|         992|          1056|
|28|         0|        64|        2016|          2080|
|30|        64|        64|        4032|          4160|
------------------------------------------------------
