
 Distribution of the number of molecular graphs of 
 conformer of other isomers   by graph symmetry group. 
------------------------------------------------------
| n|    mirror|     rotat|   asymmetry|         Total|
------------------------------------------------------
| 6|         1|         0|           1|             2|
| 8|         2|         1|           9|            12|
|10|         6|         3|          48|            57|
|12|        12|         9|         222|           243|
|14|        28|        21|         952|          1001|
|16|        56|        49|        3948|          4053|
|18|       120|       105|       16080|         16305|
|20|       240|       225|       64920|         65385|
|22|       496|       465|      260896|        261857|
|24|       992|       961|     1046064|       1048017|
|26|      2016|      1953|     4189248|       4193217|
|28|      4032|      3969|    16767072|      16775073|
|30|      8128|      8001|    67088512|      67104641|
------------------------------------------------------
